%YAML:1.0
---
Camera Count: 2
Point Count: 243
Rotations:
   - !!opencv-matrix
      rows: 3
      cols: 3
      dt: d
      data: [ 1., 0., 0., 0., 1., 0., 0., 0., 1. ]
   - !!opencv-matrix
      rows: 3
      cols: 3
      dt: d
      data: [ 9.9639561655186148e-01, 2.4456870566694475e-02,
          -8.1225838243253856e-02, -2.4462962072122077e-02,
          9.9970031335156839e-01, 9.2031050960362376e-04,
          8.1224003859039606e-02, 1.0700312425861655e-03,
          9.9669529758610131e-01 ]
Motions:
   - !!opencv-matrix
      rows: 3
      cols: 1
      dt: d
      data: [ 0., 0., 0. ]
   - !!opencv-matrix
      rows: 3
      cols: 1
      dt: d
      data: [ 8.6297845457456712e-01, -1.4506243893507104e-01,
          4.8396805240666502e-01 ]
Points:
   - [ -5.2507376670837402e+00, -3.5040745735168457e+00,
       1.1199982643127441e+01 ]
   - [ -5.9784588813781738e+00, -3.2206416130065918e+00,
       1.2124266624450684e+01 ]
   - [ -5.1148176193237305e+00, -3.7104756832122803e+00,
       1.1029431343078613e+01 ]
   - [ -5.2496080398559570e+00, -3.5157017707824707e+00,
       1.1241048812866211e+01 ]
   - [ -5.0617165565490723e+00, -3.5719330310821533e+00,
       1.1044384002685547e+01 ]
   - [ -5.4810948371887207e+00, -3.0287363529205322e+00,
       1.2555073738098145e+01 ]
   - [ -5.2749729156494141e+00, -3.5228915214538574e+00,
       1.1182526588439941e+01 ]
   - [ -5.2185664176940918e+00, -3.7527060508728027e+00,
       1.1088587760925293e+01 ]
   - [ -5.1389245986938477e+00, -3.7473826408386230e+00,
       1.1124905586242676e+01 ]
   - [ -5.6295242309570313e+00, -3.5712950229644775e+00,
       1.1441902160644531e+01 ]
   - [ -5.3753190040588379e+00, -3.4516894817352295e+00,
       1.1214332580566406e+01 ]
   - [ -5.3059120178222656e+00, -3.4895191192626953e+00,
       1.1179408073425293e+01 ]
   - [ -5.4201169013977051e+00, -3.4667747020721436e+00,
       1.1299257278442383e+01 ]
   - [ -5.0773925781250000e+00, -3.3423104286193848e+00,
       1.2558135032653809e+01 ]
   - [ -5.5020818710327148e+00, -3.0730390548706055e+00,
       1.2458362579345703e+01 ]
   - [ -5.2702217102050781e+00, -3.1074013710021973e+00,
       1.2627501487731934e+01 ]
   - [ -5.4646301269531250e+00, -3.0679879188537598e+00,
       1.2548611640930176e+01 ]
   - [ -5.2300214767456055e+00, -3.6803905963897705e+00,
       1.1095761299133301e+01 ]
   - [ -5.1946210861206055e+00, -3.7537648677825928e+00,
       1.1140511512756348e+01 ]
   - [ -5.2048492431640625e+00, -3.7544307708740234e+00,
       1.1136542320251465e+01 ]
   - [ -5.3792247772216797e+00, -3.4961283206939697e+00,
       1.0917118072509766e+01 ]
   - [ -5.2195944786071777e+00, -3.3464574813842773e+00,
       1.1847898483276367e+01 ]
   - [ -5.1836805343627930e+00, -3.1955146789550781e+00,
       1.2104937553405762e+01 ]
   - [ -5.1153931617736816e+00, -3.3154182434082031e+00,
       1.2550802230834961e+01 ]
   - [ -5.4802837371826172e+00, -3.0620672702789307e+00,
       1.2542803764343262e+01 ]
   - [ -6.0156517028808594e+00, -3.2080998420715332e+00,
       1.2172825813293457e+01 ]
   - [ -5.3704519271850586e+00, -3.4716589450836182e+00,
       1.1221158027648926e+01 ]
   - [ -5.4349336624145508e+00, -3.0671532154083252e+00,
       1.2564062118530273e+01 ]
   - [ -5.4235477447509766e+00, -3.0684137344360352e+00,
       1.2569333076477051e+01 ]
   - [ -5.3627805709838867e+00, -3.0595898628234863e+00,
       1.2533773422241211e+01 ]
   - [ -5.4680595397949219e+00, -3.0426704883575439e+00,
       1.2556484222412109e+01 ]
   - [ -5.3147339820861816e+00, -3.0633938312530518e+00,
       1.2624647140502930e+01 ]
   - [ -5.4812521934509277e+00, -3.1067068576812744e+00,
       1.2735032081604004e+01 ]
   - [ -5.4857659339904785e+00, -3.0489909648895264e+00,
       1.2544945716857910e+01 ]
   - [ -5.4485826492309570e+00, -3.0489997863769531e+00,
       1.2564038276672363e+01 ]
   - [ -5.3378663063049316e+00, -3.0609712600708008e+00,
       1.2614439010620117e+01 ]
   - [ -5.1623530387878418e+00, -3.7778108119964600e+00,
       1.1184344291687012e+01 ]
   - [ -5.2604422569274902e+00, -3.5321235656738281e+00,
       1.1186096191406250e+01 ]
   - [ -5.1777138710021973e+00, -3.5384206771850586e+00,
       1.1619023323059082e+01 ]
   - [ -5.3459558486938477e+00, -3.3192880153656006e+00,
       1.1500878334045410e+01 ]
   - [ -5.2036991119384766e+00, -3.6601281166076660e+00,
       1.1168717384338379e+01 ]
   - [ -5.1981639862060547e+00, -3.5731751918792725e+00,
       1.1200393676757813e+01 ]
   - [ -5.4427289962768555e+00, -3.0001738071441650e+00,
       1.2446418762207031e+01 ]
   - [ -5.4058313369750977e+00, -3.0328423976898193e+00,
       1.2591728210449219e+01 ]
   - [ -5.3136882781982422e+00, -3.0425698757171631e+00,
       1.2633037567138672e+01 ]
   - [ -5.4621891975402832e+00, -3.5564675331115723e+00,
       1.1361229896545410e+01 ]
   - [ -5.6345539093017578e+00, -3.4626116752624512e+00,
       1.1132346153259277e+01 ]
   - [ -5.1682233810424805e+00, -3.6959888935089111e+00,
       1.1162074089050293e+01 ]
   - [ -5.1823272705078125e+00, -3.6957430839538574e+00,
       1.1166275024414063e+01 ]
   - [ -5.1474142074584961e+00, -3.6478106975555420e+00,
       1.1143252372741699e+01 ]
   - [ -5.3699240684509277e+00, -3.1478207111358643e+00,
       1.1972470283508301e+01 ]
   - [ -5.9931850433349609e+00, -3.1403646469116211e+00,
       1.2118493080139160e+01 ]
   - [ -5.3434100151062012e+00, -3.3766298294067383e+00,
       1.1540385246276855e+01 ]
   - [ -5.1457905769348145e+00, -3.6079411506652832e+00,
       1.1157243728637695e+01 ]
   - [ -5.1973586082458496e+00, -3.6573250293731689e+00,
       1.1172489166259766e+01 ]
   - [ -5.1499786376953125e+00, -3.5489542484283447e+00,
       1.1175101280212402e+01 ]
   - [ -5.6394701004028320e+00, -3.4727427959442139e+00,
       1.1126127243041992e+01 ]
   - [ -5.2549862861633301e+00, -3.3032917976379395e+00,
       1.1908643722534180e+01 ]
   - [ -5.4766864776611328e+00, -3.5488193035125732e+00,
       1.0914215087890625e+01 ]
   - [ -5.2455615997314453e+00, -3.6998264789581299e+00,
       1.1302520751953125e+01 ]
   - [ -5.2198238372802734e+00, -3.7161264419555664e+00,
       1.1142661094665527e+01 ]
   - [ -5.2439889907836914e+00, -3.6583542823791504e+00,
       1.1151111602783203e+01 ]
   - [ -5.1566133499145508e+00, -3.6388630867004395e+00,
       1.0982241630554199e+01 ]
   - [ -5.2193098068237305e+00, -3.6944131851196289e+00,
       1.1150188446044922e+01 ]
   - [ -5.2285017967224121e+00, -3.6749968528747559e+00,
       1.1152556419372559e+01 ]
   - [ -5.2536535263061523e+00, -3.5841937065124512e+00,
       1.1171661376953125e+01 ]
   - [ -5.3964028358459473e+00, -3.4686388969421387e+00,
       1.1258308410644531e+01 ]
   - [ -5.1677522659301758e+00, -3.5298874378204346e+00,
       1.1591003417968750e+01 ]
   - [ -5.4812445640563965e+00, -3.5930202007293701e+00,
       1.1322327613830566e+01 ]
   - [ -5.3949837684631348e+00, -3.5105140209197998e+00,
       1.0957134246826172e+01 ]
   - [ -5.2483701705932617e+00, -3.5320200920104980e+00,
       1.1214034080505371e+01 ]
   - [ -5.2805685997009277e+00, -3.5298721790313721e+00,
       1.1199550628662109e+01 ]
   - [ -5.6204471588134766e+00, -3.5660669803619385e+00,
       1.1425137519836426e+01 ]
   - [ -5.4430627822875977e+00, -3.0485885143280029e+00,
       1.2551173210144043e+01 ]
   - [ -5.4906792640686035e+00, -3.0694203376770020e+00,
       1.2436504364013672e+01 ]
   - [ -5.4237079620361328e+00, -3.0703449249267578e+00,
       1.2569792747497559e+01 ]
   - [ -5.2677927017211914e+00, -3.1103074550628662e+00,
       1.2615223884582520e+01 ]
   - [ -5.3773951530456543e+00, -3.0736854076385498e+00,
       1.2576451301574707e+01 ]
   - [ -5.2201142311096191e+00, -3.3479566574096680e+00,
       1.1847129821777344e+01 ]
   - [ -5.4448871612548828e+00, -3.0683388710021973e+00,
       1.2542808532714844e+01 ]
   - [ -5.4321804046630859e+00, -3.0676851272583008e+00,
       1.2551390647888184e+01 ]
