%YAML:1.0
---
Camera Count: 2
Point Count: 122
Rotations:
   - !!opencv-matrix
      rows: 3
      cols: 3
      dt: d
      data: [ 1., 0., 0., 0., 1., 0., 0., 0., 1. ]
   - !!opencv-matrix
      rows: 3
      cols: 3
      dt: d
      data: [ 9.6730125472895290e-01, 5.1650123238479048e-02,
          2.4831541911295649e-01, -4.7425526165313599e-02,
          9.9861065382742242e-01, -2.2969143003404673e-02,
          -2.4915678210262793e-01, 1.0441591440849921e-02,
          9.6840687270405401e-01 ]
Motions:
   - !!opencv-matrix
      rows: 3
      cols: 1
      dt: d
      data: [ 0., 0., 0. ]
   - !!opencv-matrix
      rows: 3
      cols: 1
      dt: d
      data: [ -9.8170975843199504e-01, 9.4525996033989215e-02,
          1.6525975394262279e-01 ]
Points:
   - [ -6.9012522697448730e-01, 1.1676543951034546e+00,
       4.2821965217590332e+00 ]
   - [ -9.4890689849853516e-01, 8.4402108192443848e-01,
       2.8134989738464355e+00 ]
   - [ -8.7668901681900024e-01, 8.7448370456695557e-01,
       2.7689061164855957e+00 ]
   - [ -3.3005702495574951e-01, 6.3730210065841675e-01,
       2.7882559299468994e+00 ]
   - [ -8.5148878395557404e-02, 5.7960349321365356e-01,
       2.7748222351074219e+00 ]
   - [ -3.3973830938339233e-01, 6.1591798067092896e-01,
       2.8013939857482910e+00 ]
   - [ -4.1811805963516235e-01, 7.2077029943466187e-01,
       2.7556276321411133e+00 ]
   - [ -1.0185922384262085e+00, 8.7440246343612671e-01,
       2.8115522861480713e+00 ]
   - [ -3.5469260811805725e-01, 5.9357070922851563e-01,
       2.8231644630432129e+00 ]
   - [ -4.3904295563697815e-01, 5.9054976701736450e-01,
       2.8396463394165039e+00 ]
   - [ -3.6118465662002563e-01, 6.1114257574081421e-01,
       2.8100001811981201e+00 ]
   - [ -9.3886345624923706e-01, 9.9741858243942261e-01,
       2.7080397605895996e+00 ]
   - [ -5.3429371118545532e-01, 6.1547815799713135e-01,
       2.8493266105651855e+00 ]
   - [ -1.5857788324356079e+00, 1.8110636472702026e+00,
       6.5089302062988281e+00 ]
   - [ -8.4714427590370178e-02, 5.7936507463455200e-01,
       2.7737412452697754e+00 ]
   - [ -4.6858435869216919e-01, 6.3791507482528687e-01,
       2.8191189765930176e+00 ]
   - [ -1.1564626693725586e+00, 9.2538708448410034e-01,
       2.8193988800048828e+00 ]
   - [ -1.0187809467315674e+00, 8.7436711788177490e-01,
       2.8114695549011230e+00 ]
   - [ -4.1702029109001160e-01, 7.2040140628814697e-01,
       2.7535538673400879e+00 ]
   - [ -3.3005702495574951e-01, 6.3730216026306152e-01,
       2.7882559299468994e+00 ]
   - [ -8.0840879678726196e-01, 7.7764749526977539e-01,
       2.8071527481079102e+00 ]
   - [ -8.7707990407943726e-01, 8.7486833333969116e-01,
       2.7694635391235352e+00 ]
   - [ -2.1827760338783264e-01, 5.4712617397308350e-01,
       2.8165462017059326e+00 ]
   - [ -9.4351488351821899e-01, 8.4165310859680176e-01,
       2.8059334754943848e+00 ]
   - [ -4.2558023333549500e-01, 7.2601854801177979e-01,
       2.7549145221710205e+00 ]
   - [ -9.0326339006423950e-01, 8.5756504535675049e-01,
       2.7908635139465332e+00 ]
   - [ -5.9318608045578003e-01, 9.4926244020462036e-01,
       2.6576626300811768e+00 ]
   - [ -9.5424866676330566e-01, 7.8821337223052979e-01,
       2.8452608585357666e+00 ]
   - [ -8.8511836528778076e-01, 8.0753552913665771e-01,
       2.8142521381378174e+00 ]
   - [ -5.0388578325510025e-02, 6.1799585819244385e-01,
       2.7453415393829346e+00 ]
   - [ -1.1609853506088257e+00, 7.8652411699295044e-01,
       2.9075014591217041e+00 ]
   - [ -5.5643089115619659e-02, 6.8778419494628906e-01,
       2.7083861827850342e+00 ]
   - [ -1.0177608728408813e+00, 8.7343162298202515e-01,
       2.8100945949554443e+00 ]
   - [ -6.5605014562606812e-01, 6.1299574375152588e-01,
       2.8767285346984863e+00 ]
   - [ -1.1565462350845337e+00, 9.2603445053100586e-01,
       2.8194961547851563e+00 ]
   - [ -9.5868462324142456e-01, 1.0266088247299194e+00,
       2.7014229297637939e+00 ]
   - [ -5.0368767231702805e-02, 5.9729945659637451e-01,
       2.7531478404998779e+00 ]
   - [ -9.2098504304885864e-01, 8.4398204088211060e-01,
       2.7969419956207275e+00 ]
   - [ -9.4536036252975464e-01, 8.4246355295181274e-01,
       2.8085229396820068e+00 ]
   - [ -1.1604219675064087e+00, 7.8606277704238892e-01,
       2.9067645072937012e+00 ]
   - [ -4.1871812939643860e-01, 7.2152125835418701e-01,
       2.7567610740661621e+00 ]
   - [ -4.2564824223518372e-01, 7.2677338123321533e-01,
       2.7550420761108398e+00 ]
   - [ -8.8281691074371338e-01, 8.0663782358169556e-01,
       2.8101062774658203e+00 ]
   - [ -9.7439205646514893e-01, 1.0103092193603516e+00,
       2.7098758220672607e+00 ]
   - [ -5.6586915254592896e-01, 6.9067615270614624e-01,
       2.8090844154357910e+00 ]
   - [ -5.0146769732236862e-02, 6.1796987056732178e-01,
       2.7447288036346436e+00 ]
   - [ -5.6380409002304077e-01, 6.8214476108551025e-01,
       2.9924345016479492e+00 ]
   - [ -5.3222262859344482e-01, 6.2278121709823608e-01,
       2.8406815528869629e+00 ]
   - [ -9.6513456106185913e-01, 8.5171049833297729e-01,
       2.8062946796417236e+00 ]
   - [ -4.5892363786697388e-01, 6.3749974966049194e-01,
       2.8185913562774658e+00 ]
   - [ -8.1129628419876099e-01, 7.7871078252792358e-01,
       2.8111672401428223e+00 ]
   - [ -9.0238785743713379e-01, 8.5671055316925049e-01,
       2.7889053821563721e+00 ]
   - [ 7.7848777174949646e-02, 8.0479121208190918e-01,
       2.6178317070007324e+00 ]
   - [ -5.5883979797363281e-01, 7.6621162891387939e-01,
       2.7598698139190674e+00 ]
   - [ -6.5110802650451660e-01, 9.9625790119171143e-01,
       2.6431524753570557e+00 ]
   - [ -1.0025414228439331e+00, 8.2801467180252075e-01,
       2.8334810733795166e+00 ]
   - [ -9.3051975965499878e-01, 7.9548615217208862e-01,
       2.8303422927856445e+00 ]
   - [ -9.5977413654327393e-01, 1.0273250341415405e+00,
       2.7028777599334717e+00 ]
   - [ -4.3551483750343323e-01, 7.4457287788391113e-01,
       2.7486081123352051e+00 ]
   - [ -9.5695388317108154e-01, 1.0643483400344849e+00,
       2.6714916229248047e+00 ]
   - [ -9.0344780683517456e-01, 8.5704910755157471e-01,
       2.7904169559478760e+00 ]
   - [ -8.1172800064086914e-01, 7.7816581726074219e-01,
       2.8118207454681396e+00 ]
   - [ -6.5294826030731201e-01, 9.9645435810089111e-01,
       2.6462640762329102e+00 ]
   - [ -9.6453851461410522e-01, 8.5115635395050049e-01,
       2.8054702281951904e+00 ]
   - [ -4.2634215950965881e-01, 7.2698998451232910e-01,
       2.7558159828186035e+00 ]
   - [ -8.8716316223144531e-01, 8.0882233381271362e-01,
       2.8164098262786865e+00 ]
   - [ -4.1695204377174377e-01, 7.2152942419052124e-01,
       2.7512009143829346e+00 ]
   - [ -5.3358721733093262e-01, 6.4689475297927856e-01,
       2.8307363986968994e+00 ]
   - [ -5.7250660657882690e-01, 9.9855643510818481e-01,
       2.6267776489257813e+00 ]
   - [ -9.8011779785156250e-01, 1.0346670150756836e+00,
       2.6984341144561768e+00 ]
   - [ -3.0814659595489502e-01, 9.7967427968978882e-01,
       2.5893776416778564e+00 ]
   - [ -8.4882366657257080e-01, 7.7402198314666748e-01,
       2.8297684192657471e+00 ]
   - [ -1.0164998769760132e+00, 8.7200117111206055e-01,
       2.8083972930908203e+00 ]
   - [ -9.2317712306976318e-01, 8.0178153514862061e-01,
       2.8239898681640625e+00 ]
   - [ -8.1716644763946533e-01, 7.6273405551910400e-01,
       2.8242478370666504e+00 ]
   - [ 7.8557804226875305e-02, 8.0484062433242798e-01,
       2.6158585548400879e+00 ]
   - [ -9.7708541154861450e-01, 1.0115597248077393e+00,
       2.7134692668914795e+00 ]
   - [ -1.0069313049316406e+00, 7.6274663209915161e-01,
       2.8672289848327637e+00 ]
   - [ -9.4597023725509644e-01, 8.4171968698501587e-01,
       2.8077960014343262e+00 ]
   - [ -4.1881099343299866e-01, 7.2188919782638550e-01,
       2.7541754245758057e+00 ]
   - [ -9.6740990877151489e-01, 8.5364520549774170e-01,
       2.8085911273956299e+00 ]
   - [ -9.6784889698028564e-01, 7.6075476408004761e-01,
       2.8599636554718018e+00 ]
