%YAML:1.0
---
Camera Count: 2
Point Count: 65
Rotations:
   - !!opencv-matrix
      rows: 3
      cols: 3
      dt: d
      data: [ 1., 0., 0., 0., 1., 0., 0., 0., 1. ]
   - !!opencv-matrix
      rows: 3
      cols: 3
      dt: d
      data: [ 9.1041364744901787e-01, -7.7838715060050967e-03,
          -4.1362592022617828e-01, 3.6148618814905414e-02,
          9.9749557025164137e-01, 6.0793623729199567e-02,
          4.1211681341137907e-01, -7.0299350443164196e-02,
          9.0841495663100980e-01 ]
Motions:
   - !!opencv-matrix
      rows: 3
      cols: 1
      dt: d
      data: [ 0., 0., 0. ]
   - !!opencv-matrix
      rows: 3
      cols: 1
      dt: d
      data: [ 9.7524358660906130e-01, -1.4085287859314974e-01,
          1.7047115113683528e-01 ]
Points:
   - [ 8.5810691118240356e-01, 4.7508484125137329e-01,
       1.8524252176284790e+00 ]
   - [ 8.9823997020721436e-01, 4.7319251298904419e-01,
       1.8465567827224731e+00 ]
   - [ 8.7707144021987915e-01, 4.5504397153854370e-01,
       1.8512992858886719e+00 ]
   - [ 8.5350590944290161e-01, 4.3146532773971558e-01,
       1.8540512323379517e+00 ]
   - [ 8.9434653520584106e-01, 4.2936596274375916e-01,
       1.8495279550552368e+00 ]
   - [ 9.0296417474746704e-01, 4.2585876584053040e-01,
       1.8453248739242554e+00 ]
   - [ -9.8475670814514160e-01, 1.5147513151168823e-01,
       2.2976703643798828e+00 ]
   - [ -9.4246751070022583e-01, 1.4610026776790619e-01,
       2.2959544658660889e+00 ]
   - [ -9.6459019184112549e-01, 1.2931974232196808e-01,
       2.2992999553680420e+00 ]
   - [ -9.6684974431991577e-01, 1.2769134342670441e-01,
       2.2987558841705322e+00 ]
   - [ 9.0382766723632813e-01, 4.3337950110435486e-01,
       1.8388489484786987e+00 ]
   - [ -9.6404659748077393e-01, 1.2964396178722382e-01,
       2.2990608215332031e+00 ]
   - [ -9.8474967479705811e-01, 1.5158048272132874e-01,
       2.2983882427215576e+00 ]
   - [ 8.5965442657470703e-01, 4.7561427950859070e-01,
       1.8549158573150635e+00 ]
   - [ 8.9712226390838623e-01, 4.7291356325149536e-01,
       1.8456169366836548e+00 ]
   - [ 8.7616574764251709e-01, 4.5487532019615173e-01,
       1.8505151271820068e+00 ]
   - [ 8.7544476985931396e-01, 4.4968348741531372e-01,
       1.8507760763168335e+00 ]
   - [ 9.0459656715393066e-01, 4.3325921893119812e-01,
       1.8395529985427856e+00 ]
   - [ 8.5381460189819336e-01, 4.3176740407943726e-01,
       1.8543838262557983e+00 ]
   - [ 8.9403188228607178e-01, 4.2956653237342834e-01,
       1.8492045402526855e+00 ]
   - [ 9.0225857496261597e-01, 4.2580303549766541e-01,
       1.8447115421295166e+00 ]
   - [ -9.4288116693496704e-01, 1.0843994468450546e-01,
       2.3009424209594727e+00 ]
   - [ -9.6443945169448853e-01, 1.2483971565961838e-01,
       2.3000521659851074e+00 ]
   - [ -9.6172195672988892e-01, 1.2679392099380493e-01,
       2.3006970882415771e+00 ]
   - [ -9.6696120500564575e-01, 1.2778192758560181e-01,
       2.2989177703857422e+00 ]
   - [ 8.7559729814529419e-01, 4.5484548807144165e-01,
       1.8500066995620728e+00 ]
   - [ -9.4290679693222046e-01, 1.0841431468725204e-01,
       2.2986018657684326e+00 ]
   - [ -9.8486459255218506e-01, 1.5118040144443512e-01,
       2.3016130924224854e+00 ]
   - [ 9.0238958597183228e-01, 4.3295422196388245e-01,
       1.8376687765121460e+00 ]
   - [ 8.5486805438995361e-01, 4.3203014135360718e-01,
       1.8552925586700439e+00 ]
   - [ 8.5948437452316284e-01, 4.7527652978897095e-01,
       1.8548347949981689e+00 ]
   - [ -9.6114522218704224e-01, 1.2697647511959076e-01,
       2.2994220256805420e+00 ]
   - [ 8.9157509803771973e-01, 4.2914462089538574e-01,
       1.8471004962921143e+00 ]
   - [ 9.0039908885955811e-01, 4.2535182833671570e-01,
       1.8414133787155151e+00 ]
   - [ 8.7475806474685669e-01, 4.4917666912078857e-01,
       1.8502638339996338e+00 ]
   - [ -9.6979230642318726e-01, 1.2747532129287720e-01,
       2.3029832839965820e+00 ]
   - [ 8.9851468801498413e-01, 4.2494180798530579e-01,
       1.8415760993957520e+00 ]
   - [ 8.6152458190917969e-01, 4.7540757060050964e-01,
       1.8566830158233643e+00 ]
   - [ -9.6112221479415894e-01, 1.2712761759757996e-01,
       2.3010172843933105e+00 ]
   - [ 8.0725592374801636e-01, 4.4566482305526733e-01,
       1.7905699014663696e+00 ]
   - [ 8.5682833194732666e-01, 4.3193998932838440e-01,
       1.8566873073577881e+00 ]
   - [ 9.0371865034103394e-01, 4.3294417858123779e-01,
       1.8384206295013428e+00 ]
   - [ 7.8769403696060181e-01, 4.0960922837257385e-01,
       1.7446635961532593e+00 ]
   - [ 8.8997125625610352e-01, 4.2877769470214844e-01,
       1.8457460403442383e+00 ]
   - [ 9.0152800083160400e-01, 4.2607516050338745e-01,
       1.8433492183685303e+00 ]
   - [ 8.9831292629241943e-01, 4.2454248666763306e-01,
       1.8414814472198486e+00 ]
   - [ -9.8464936017990112e-01, 1.5104587376117706e-01,
       2.2855820655822754e+00 ]
   - [ -9.8335653543472290e-01, 1.5127529203891754e-01,
       2.2985966205596924e+00 ]
   - [ 8.6184263229370117e-01, 4.7568976879119873e-01,
       1.8569128513336182e+00 ]
   - [ 8.9779847860336304e-01, 4.2526671290397644e-01,
       1.8391656875610352e+00 ]
   - [ 9.0257883071899414e-01, 4.3263846635818481e-01,
       1.8374789953231812e+00 ]
   - [ -9.8454922437667847e-01, 1.5160349011421204e-01,
       2.2851305007934570e+00 ]
   - [ 8.9577251672744751e-01, 4.7208285331726074e-01,
       1.8503253459930420e+00 ]
   - [ 9.0081810951232910e-01, 4.2581596970558167e-01,
       1.8435243368148804e+00 ]
   - [ 8.5856771469116211e-01, 4.3367010354995728e-01,
       1.8564362525939941e+00 ]
   - [ 8.7458860874176025e-01, 4.4582343101501465e-01,
       1.8506288528442383e+00 ]
   - [ 8.9360970258712769e-01, 4.7135111689567566e-01,
       1.8485412597656250e+00 ]
   - [ 8.5979604721069336e-01, 4.3357014656066895e-01,
       1.8575825691223145e+00 ]
   - [ 9.0133059024810791e-01, 4.2606070637702942e-01,
       1.8439269065856934e+00 ]
   - [ 8.9500218629837036e-01, 4.2460927367210388e-01,
       1.8391919136047363e+00 ]
   - [ -9.8334425687789917e-01, 1.5139637887477875e-01,
       2.2991654872894287e+00 ]
   - [ 8.7671083211898804e-01, 4.5711022615432739e-01,
       1.8510369062423706e+00 ]
   - [ 8.0424618721008301e-01, 4.4536548852920532e-01,
       1.7879066467285156e+00 ]
   - [ 8.5745644569396973e-01, 4.3204033374786377e-01,
       1.8517780303955078e+00 ]
   - [ 8.8703709840774536e-01, 4.6873468160629272e-01,
       1.8432079553604126e+00 ]
Colors:
   - [ 140, 53, 59 ]
   - [ 148, 75, 43 ]
   - [ 126, 43, 52 ]
   - [ 139, 57, 68 ]
   - [ 151, 78, 63 ]
   - [ 189, 123, 119 ]
   - [ 192, 133, 141 ]
   - [ 127, 56, 35 ]
   - [ 226, 171, 158 ]
   - [ 86, 23, 35 ]
   - [ 169, 92, 87 ]
   - [ 226, 171, 158 ]
   - [ 192, 133, 141 ]
   - [ 140, 53, 59 ]
   - [ 125, 56, 31 ]
   - [ 134, 52, 65 ]
   - [ 135, 54, 33 ]
   - [ 147, 67, 71 ]
   - [ 139, 57, 68 ]
   - [ 136, 61, 56 ]
   - [ 215, 151, 141 ]
   - [ 114, 46, 30 ]
   - [ 231, 173, 167 ]
   - [ 114, 52, 33 ]
   - [ 86, 23, 35 ]
   - [ 154, 75, 88 ]
   - [ 166, 97, 65 ]
   - [ 207, 146, 147 ]
   - [ 208, 136, 130 ]
   - [ 123, 39, 55 ]
   - [ 141, 57, 74 ]
   - [ 114, 52, 33 ]
   - [ 109, 41, 46 ]
   - [ 203, 140, 127 ]
   - [ 114, 32, 24 ]
   - [ 67, 24, 30 ]
   - [ 224, 160, 138 ]
   - [ 121, 42, 63 ]
   - [ 98, 36, 18 ]
   - [ 50, 30, 46 ]
   - [ 110, 28, 51 ]
   - [ 147, 67, 71 ]
   - [ 64, 26, 17 ]
   - [ 101, 36, 45 ]
   - [ 215, 151, 141 ]
   - [ 184, 123, 98 ]
   - [ 63, 32, 35 ]
   - [ 223, 160, 157 ]
   - [ 121, 42, 63 ]
   - [ 252, 192, 172 ]
   - [ 160, 81, 87 ]
   - [ 48, 22, 17 ]
   - [ 63, 28, 17 ]
   - [ 203, 140, 127 ]
   - [ 91, 21, 29 ]
   - [ 49, 26, 18 ]
   - [ 54, 27, 16 ]
   - [ 83, 19, 28 ]
   - [ 231, 168, 155 ]
   - [ 248, 188, 158 ]
   - [ 223, 160, 157 ]
   - [ 71, 19, 27 ]
   - [ 46, 30, 51 ]
   - [ 76, 19, 27 ]
   - [ 41, 23, 20 ]
