%YAML:1.0
---
Camera Count: 2
Point Count: 197
Rotations:
   - !!opencv-matrix
      rows: 3
      cols: 3
      dt: d
      data: [ 1., 0., 0., 0., 1., 0., 0., 0., 1. ]
   - !!opencv-matrix
      rows: 3
      cols: 3
      dt: d
      data: [ 4.1809331431646823e-01, -2.5684805730456789e-01,
          8.7133636213734378e-01, 9.3365335253509721e-02,
          9.6626495798303436e-01, 2.4003113370361953e-01,
          -9.0359332373411827e-01, -1.9002800659759032e-02,
          4.2796962377044340e-01 ]
Motions:
   - !!opencv-matrix
      rows: 3
      cols: 1
      dt: d
      data: [ 0., 0., 0. ]
   - !!opencv-matrix
      rows: 3
      cols: 1
      dt: d
      data: [ -9.7295490597220313e-01, -1.6896609024833714e-01,
          1.5750940064266694e-01 ]
Points:
   - [ -3.2900935411453247e-01, -2.5325575470924377e-01,
       8.0940848588943481e-01 ]
   - [ -3.2090225815773010e-01, -2.5469630956649780e-01,
       8.1788754463195801e-01 ]
   - [ -3.5185748338699341e-01, -1.8959294259548187e-01,
       7.9739755392074585e-01 ]
   - [ -3.8901364803314209e-01, -1.0194130986928940e-01,
       7.6969152688980103e-01 ]
   - [ -3.5671633481979370e-01, -1.8375122547149658e-01,
       7.9274410009384155e-01 ]
   - [ -3.3117470145225525e-01, -2.4927709996700287e-01,
       8.0758148431777954e-01 ]
   - [ -3.8271558284759521e-01, -1.6498340666294098e-01,
       7.6599019765853882e-01 ]
   - [ -3.4815111756324768e-01, -1.9087807834148407e-01,
       8.0150991678237915e-01 ]
   - [ -3.4143888950347900e-01, -2.4648571014404297e-01,
       7.9729449748992920e-01 ]
   - [ -3.6025375127792358e-01, -1.8009667098522186e-01,
       7.8917258977890015e-01 ]
   - [ -3.2781881093978882e-01, -2.5353947281837463e-01,
       8.1011992692947388e-01 ]
   - [ -3.8877999782562256e-01, -9.8284035921096802e-02,
       7.7199405431747437e-01 ]
   - [ -3.7220385670661926e-01, -1.7418242990970612e-01,
       7.7652871608734131e-01 ]
   - [ -3.9084291458129883e-01, -1.6393402218818665e-01,
       7.5701200962066650e-01 ]
   - [ -3.2921966910362244e-01, -2.5017264485359192e-01,
       8.0991679430007935e-01 ]
   - [ -3.3611622452735901e-01, -2.4840109050273895e-01,
       8.0252534151077271e-01 ]
   - [ -3.9025545120239258e-01, -1.6679960489273071e-01,
       7.5691241025924683e-01 ]
   - [ -3.5948076844215393e-01, -1.7987488210201263e-01,
       7.9062211513519287e-01 ]
   - [ -3.4345868229866028e-01, -1.7856584489345551e-01,
       8.0957102775573730e-01 ]
   - [ -3.3134675025939941e-01, -2.5227224826812744e-01,
       8.0723673105239868e-01 ]
   - [ -3.7737709283828735e-01, -1.8167862296104431e-01,
       7.6927816867828369e-01 ]
   - [ -3.1622597575187683e-01, -2.5654956698417664e-01,
       8.2191336154937744e-01 ]
   - [ -3.8326120376586914e-01, -1.6161715984344482e-01,
       7.6596558094024658e-01 ]
   - [ -3.1948590278625488e-01, -2.5504145026206970e-01,
       8.1883966922760010e-01 ]
   - [ -3.8764244318008423e-01, -1.4855366945266724e-01,
       7.6368403434753418e-01 ]
   - [ -3.3990287780761719e-01, -1.8235392868518829e-01,
       8.1301796436309814e-01 ]
   - [ -3.4579280018806458e-01, -1.7465743422508240e-01,
       8.0749905109405518e-01 ]
   - [ -3.8337850570678711e-01, -1.0275042802095413e-01,
       7.7635109424591064e-01 ]
   - [ -3.7759104371070862e-01, -1.7309001088142395e-01,
       8.0104643106460571e-01 ]
   - [ -3.5169482231140137e-01, -1.8969774246215820e-01,
       7.9738801717758179e-01 ]
   - [ -3.6421468853950500e-01, -1.8089151382446289e-01,
       7.8476297855377197e-01 ]
   - [ -3.5646221041679382e-01, -1.8677610158920288e-01,
       7.9255479574203491e-01 ]
   - [ -3.2311663031578064e-01, -2.5415906310081482e-01,
       8.1539863348007202e-01 ]
   - [ -3.6755174398422241e-01, -2.4183544516563416e-01,
       7.6821941137313843e-01 ]
   - [ -3.9318135380744934e-01, -1.0147988051176071e-01,
       7.6671665906906128e-01 ]
   - [ -3.3158457279205322e-01, -2.4937213957309723e-01,
       8.0757302045822144e-01 ]
   - [ -3.8450089097023010e-01, -1.6091915965080261e-01,
       7.6468992233276367e-01 ]
   - [ -3.3145502209663391e-01, -2.5226709246635437e-01,
       8.0719214677810669e-01 ]
   - [ -3.2805749773979187e-01, -2.5361964106559753e-01,
       8.1011271476745605e-01 ]
   - [ -3.9031678438186646e-01, -1.0197701305150986e-01,
       7.6962059736251831e-01 ]
   - [ -3.8939654827117920e-01, -1.0214425623416901e-01,
       7.7045160531997681e-01 ]
   - [ -3.5936820507049561e-01, -1.7986938357353210e-01,
       7.9062515497207642e-01 ]
   - [ -3.8377404212951660e-01, -1.6442130506038666e-01,
       7.6524126529693604e-01 ]
   - [ -3.7852916121482849e-01, -1.6551944613456726e-01,
       7.7015089988708496e-01 ]
   - [ -3.7353119254112244e-01, -1.7327414453029633e-01,
       7.7506244182586670e-01 ]
   - [ -3.7743124365806580e-01, -1.8168112635612488e-01,
       7.6927560567855835e-01 ]
   - [ -3.2867822051048279e-01, -2.1322222054004669e-01,
       8.1957805156707764e-01 ]
   - [ -3.4368965029716492e-01, -1.7854881286621094e-01,
       8.0957263708114624e-01 ]
   - [ -3.8883528113365173e-01, -9.8256506025791168e-02,
       7.7199387550354004e-01 ]
   - [ -3.6296513676643372e-01, -1.5587300062179565e-01,
       7.9096376895904541e-01 ]
   - [ -3.5300737619400024e-01, -2.4839408695697784e-01,
       7.8342133760452271e-01 ]
   - [ -3.4828856587409973e-01, -1.9120061397552490e-01,
       8.0147278308868408e-01 ]
   - [ -3.8347351551055908e-01, -1.6154244542121887e-01,
       7.6596295833587646e-01 ]
   - [ -3.9089363813400269e-01, -1.6444914042949677e-01,
       7.5713974237442017e-01 ]
   - [ -3.6068266630172729e-01, -1.5274028480052948e-01,
       7.9427105188369751e-01 ]
   - [ -3.6340162158012390e-01, -1.7104692757129669e-01,
       7.8746682405471802e-01 ]
   - [ -3.5124325752258301e-01, -2.4817176163196564e-01,
       7.8548854589462280e-01 ]
   - [ -3.5688573122024536e-01, -1.8375991284847260e-01,
       7.9273992776870728e-01 ]
   - [ -3.8282668590545654e-01, -1.6506972908973694e-01,
       7.6597565412521362e-01 ]
   - [ -3.4160086512565613e-01, -2.4644334614276886e-01,
       7.9729908704757690e-01 ]
   - [ -3.7522095441818237e-01, -1.8843983113765717e-01,
       7.7019572257995605e-01 ]
   - [ -3.8379684090614319e-01, -1.0278218239545822e-01,
       7.7673822641372681e-01 ]
   - [ -3.9046591520309448e-01, -1.6678023338317871e-01,
       7.5690227746963501e-01 ]
   - [ -3.4139937162399292e-01, -1.8882657587528229e-01,
       8.0998295545578003e-01 ]
   - [ -3.5592323541641235e-01, -1.8858186900615692e-01,
       7.9308730363845825e-01 ]
   - [ -3.5132271051406860e-01, -2.4827884137630463e-01,
       7.8547406196594238e-01 ]
   - [ -3.6402815580368042e-01, -1.8094484508037567e-01,
       7.8461062908172607e-01 ]
   - [ -3.6765301227569580e-01, -1.7549297213554382e-01,
       7.8188765048980713e-01 ]
   - [ -3.3282965421676636e-01, -2.4986551702022552e-01,
       8.0623722076416016e-01 ]
   - [ -3.6761605739593506e-01, -2.4184043705463409e-01,
       7.6821643114089966e-01 ]
   - [ -3.8392302393913269e-01, -1.6125214099884033e-01,
       7.6555448770523071e-01 ]
   - [ -3.6618053913116455e-01, -2.4248795211315155e-01,
       7.6936721801757813e-01 ]
   - [ -3.2764205336570740e-01, -2.1232512593269348e-01,
       8.2076019048690796e-01 ]
   - [ -3.2846602797508240e-01, -2.1320661902427673e-01,
       8.1957662105560303e-01 ]
   - [ -3.8468548655509949e-01, -1.6085574030876160e-01,
       7.6465022563934326e-01 ]
   - [ -3.5322734713554382e-01, -2.4857948720455170e-01,
       7.8339445590972900e-01 ]
   - [ -3.8386288285255432e-01, -1.0278265178203583e-01,
       7.7673530578613281e-01 ]
   - [ -3.5166329145431519e-01, -1.8962393701076508e-01,
       7.9750305414199829e-01 ]
   - [ -3.8680028915405273e-01, -1.5940722823143005e-01,
       7.6255923509597778e-01 ]
   - [ -3.4841543436050415e-01, -1.9120056927204132e-01,
       8.0146402120590210e-01 ]
   - [ -3.2909768819808960e-01, -1.9448080658912659e-01,
       8.2330298423767090e-01 ]
